AnalyticsSolution
lambda = 0.8
mu = 1.2
rho = 0.6666666666666667
channel = 2

P0 = 0.5
P1 = 0.33333333333333337
P2 = 0.11111111111111113
P3 = 0.03703703703703705
P4 = 0.012345679012345685
P5 = 0.004115226337448562
P6 = 0.0013717421124828542
P7 = 4.572473708276181E-4
P8 = 1.5241579027587272E-4
P9 = 5.080526342529091E-5
P10 = 1.6935087808430306E-5
P11 = 5.645029269476769E-6
P12 = 1.8816764231589233E-6
P13 = 6.272254743863078E-7
P14 = 2.0907515812876929E-7
P15 = 6.969171937625644E-8
P16 = 2.3230573125418816E-8
P17 = 7.743524375139606E-9
P18 = 2.5811747917132024E-9
P19 = 8.603915972377342E-10
P20 = 2.8679719907924476E-10
