AnalyticsSolution
lambda = 1.0
mu = 1.0
rho = 1.0
channel = 3

P0 = 0.36363636363636365
P1 = 0.36363636363636365
P2 = 0.18181818181818182
P3 = 0.06060606060606061
P4 = 0.020202020202020204
P5+ = 0.010101010101010055
