AnalyticsSolution
lambda = 0.8
mu = 1.2
rho = 0.6666666666666667
channel = 3

P0 = 0.5121951219512195
P1 = 0.34146341463414637
P2 = 0.11382113821138214
P3 = 0.025293586269196033
P4 = 0.005620796948710231
P5 = 0.0012490659886022733
P5+ = 3.5687599674338877E-4
