MonteCarloSolution
lambda = 0.8
mu = 1.2
rho = 0.6666666666666667
channel = 3

P0 = 0.5128647826370561
P1 = 0.34047581822976786
P2 = 0.11397261577268697
P3 = 0.02557980153946886
P4 = 0.005559159156728273
P5+ = 0.0015478226642918758
