MonteCarloSolution
lambda = 0.6
mu = 0.6
rho = 1.0
channel = 3

P0 = 0.3700086270740876
P1 = 0.36119813796334865
P2 = 0.17582015540776555
P3 = 0.06205019595881561
P4 = 0.0211798349082235
P5+ = 0.009743048687758993
