MonteCarloSolution
lambda = 0.8
mu = 1.2
rho = 0.6666666666666667
channel = 2

P0 = 0.5129684606146607
P1 = 0.34266644865227974
P2 = 0.1141128559525596
P3 = 0.025426645391926034
P4 = 0.004213266307744027
P5 = 5.457819598906924E-4
P6 = 5.827211660603125E-5
P7 = 7.395853751118499E-6
P8 = 8.731505823137459E-7
