MonteCarloSolution
lambda = 1.0
mu = 1.0
rho = 1.0
channel = 3

P0 = 0.40079599178434233
P1 = 0.3534623790364255
P2 = 0.16373678476809472
P3 = 0.05179347599515288
P4 = 0.019344202201628555
P5+ = 0.010867166214356017
