MonteCarloSolution
lambda = 0.8
mu = 1.2
rho = 0.6666666666666667
channel = 3

P0 = 0.5116582139766479
P1 = 0.3430819487393855
P2 = 0.11236147399351026
P3 = 0.024548456896123887
P4 = 0.0064319817036419345
P5+ = 0.001917924690690631
