MonteCarloSolution
lambda = 0.6
mu = 0.6
rho = 1.0
channel = 3

P0 = 0.3637831619444694
P1 = 0.36416741460274704
P2 = 0.1808427178208457
P3 = 0.059629154156471485
P4 = 0.02017437705004656
P5+ = 0.011403174425419715
