MonteCarloSolution
lambda = 0.8
mu = 1.2
rho = 0.6666666666666667
channel = 3

P0 = 0.5124214363987013
P1 = 0.3399199233970127
P2 = 0.11757357897636143
P3 = 0.025529110177333947
P4 = 0.004156644861552913
P5 = 3.732215538658491E-4
P5+ = 2.608463517184134E-5
